0,00,00
0,00,07
0,00,12
0,00,55
0,01,25
0,02,13
0,06,15
0,07,09
0,07,41
0,07,53
0,12,11
0,12,16
0,14,55
0,15,01
0,16,22
0,17,49
0,18,12
0,18,17
0,18,47
0,18,49
0,19,28
0,21,28
0,21,39
0,22,41
0,22,54
0,23,04
0,23,14
0,23,24
0,24,16
0,24,49
0,25,27
0,26,21
0,26,46
0,26,56
0,27,47
0,28,53
0,30,40
0,32,58
0,34,24
0,35,29
0,36,15
0,36,20
0,36,24
0,37,07
0,37,15
0,40,17
0,41,28
0,43,09
0,44,18
0,44,36
0,45,14
0,48,16
0,49,03
0,49,15
0,52,17
0,52,29
0,53,10
0,54,47
0,56,57
1,00,57
1,01,12
1,01,31
1,02,17
1,02,19
1,02,27
1,02,33
1,05,32
1,05,53
1,06,03
1,07,11
1,07,21
1,07,27
1,09,16
1,10,55
1,12,50
1,13,06
1,13,22
1,14,23
1,15,52
1,16,02
1,21,30
1,21,58
1,25,04
1,25,55
1,26,33
1,26,47
1,27,35
1,28,31
1,28,53
1,31,03
1,32,38
1,34,25
1,34,32
1,34,49
1,35,58
1,36,49
1,39,41
1,41,42
